num crossings	time (s)	maj axis (mm)	min axis (mm)	theta (rad )	slope (V/s)
1977	3448.457059	73.791521	4.527820	3.705903	87.902380
1979	3450.541729	75.281863	3.754760	3.720381	85.162682
1981	3452.605684	73.982754	3.822960	3.668881	81.620127
1983	3454.699956	71.552080	4.527390	3.720027	78.718095
1985	3456.775279	73.728599	3.292063	3.698427	76.573136
1987	3458.850227	70.088836	4.408553	3.683271	75.362254
1989	3460.943997	71.455948	3.607977	3.731855	78.096769
1991	3463.005538	70.251491	3.602190	3.667392	68.889061
1993	3465.102847	68.213378	4.251031	3.724423	72.028157
1995	3467.175785	70.135601	3.164984	3.700125	70.855854
1997	3469.247351	67.208013	3.944080	3.676868	73.436077
1999	3471.343806	66.685470	3.903758	3.726384	68.746134
2001	3473.418549	67.733547	3.356828	3.708742	65.005818
2003	3475.485984	66.343773	3.485124	3.683478	66.222020
2005	3477.569547	64.643952	3.630048	3.692999	66.736297
2007	3479.658031	64.040249	3.574083	3.706624	65.453254
2009	3481.743423	63.749147	3.475243	3.710996	63.736041
2011	3483.824733	63.288776	3.396638	3.708917	61.228252
2013	3485.905114	62.684392	3.335335	3.706520	58.284919
2015	3487.985160	62.020661	3.288833	3.702256	57.642476
2017	3490.063523	61.586568	3.257000	3.699096	57.693260
2019	3492.138226	61.153232	3.297162	3.702345	54.696442
2021	3494.209178	60.612599	3.396048	3.712779	54.970632
2023	3496.282638	59.564667	3.372482	3.721958	54.235923
2025	3498.371790	58.168696	2.917897	3.709088	51.548118
2027	3500.464427	58.077739	3.031247	3.685524	49.494613
2029	3502.533540	58.618558	3.417048	3.707668	52.229393
2031	3504.601101	57.031287	3.144272	3.732730	47.003942
2033	3506.697743	55.530109	2.626343	3.697045	48.252474
2035	3508.780335	56.660661	3.236187	3.691686	48.140044
2037	3510.841243	55.793606	3.200566	3.734669	45.740577
2039	3512.929439	53.892973	2.520148	3.716434	44.337105
2041	3515.022413	53.981531	2.784527	3.687182	44.546723
2043	3517.088231	54.380944	3.098515	3.716814	43.005570
2045	3519.157047	52.962669	2.876202	3.733126	43.110524
2047	3521.248940	51.717489	2.543263	3.714533	40.500428
2049	3523.341944	51.495568	2.614619	3.698872	41.940731
2051	3525.420409	51.460399	2.710186	3.703312	40.917161
2053	3527.493080	50.961791	2.640813	3.712184	39.209678
2055	3529.566590	50.245124	2.586849	3.715426	39.452823
2057	3531.642516	49.476413	2.543635	3.714591	38.861802
2059	3533.724104	48.958051	2.479734	3.714076	37.237990
2061	3535.805541	48.173172	2.444698	3.713032	37.558905
2063	3537.889645	47.502733	2.467938	3.715227	36.978397
2065	3539.972369	47.145571	2.489540	3.723447	36.537109
2067	3542.060319	46.807255	2.423273	3.733658	33.243415
2069	3544.133330	47.033151	2.226165	3.729207	33.440100
2071	3546.196241	46.622557	2.116661	3.703237	31.125010
2073	3548.271631	45.011992	2.256301	3.694433	30.566176
2075	3550.368713	43.893643	2.483536	3.721869	33.021670
2077	3552.458613	44.430399	2.179166	3.743945	31.772572
2079	3554.523461	44.646342	1.856183	3.716830	28.080529
2081	3556.591963	43.617018	2.045188	3.688348	27.213199
2083	3558.680732	41.958790	2.292419	3.708351	31.753270
2085	3560.781410	42.050829	2.169823	3.739052	29.337666
2087	3562.857717	42.571941	1.924719	3.732561	27.486578
2089	3564.918353	42.176078	1.821427	3.706438	25.448021
2091	3566.988238	41.087241	1.911507	3.695714	27.371005
2093	3569.074893	40.123908	1.904592	3.702426	25.318322
2095	3571.163475	39.655501	1.926032	3.711618	26.585137
2097	3573.252067	39.324035	1.856589	3.716929	25.076164
2099	3575.335694	39.097123	1.817952	3.717693	23.923195
2101	3577.415298	38.679456	1.767089	3.716434	23.888800
2103	3579.497516	38.343495	1.742608	3.713437	22.874633
2105	3581.575526	37.921641	1.704736	3.710807	22.014018
2107	3583.651743	37.581991	1.695578	3.709168	21.831595
2109	3585.724566	37.307315	1.685264	3.710284	20.297129
2111	3587.795056	36.997254	1.680896	3.718610	19.785693
2113	3589.864017	36.489036	1.705080	3.727738	21.541223
2115	3591.942402	35.777057	1.651007	3.735063	20.174843
2117	3594.035778	34.860681	1.402244	3.720937	18.699451
2119	3596.133932	34.728084	1.420715	3.695118	18.695090
2121	3598.210920	34.879943	1.516280	3.692131	20.064237
2123	3600.272064	34.914889	1.592406	3.716467	18.287606
2125	3602.335441	34.182697	1.543658	3.740197	18.385379
2127	3604.418203	33.207259	1.406801	3.738371	16.697251
2129	3606.519896	32.466205	1.199393	3.705418	17.917873
2131	3608.609613	32.549370	1.276099	3.691211	17.292017
2133	3610.684634	32.722730	1.331940	3.700999	15.605916
2135	3612.748998	32.394360	1.337350	3.715342	14.848076
2137	3614.815599	31.880067	1.290053	3.724257	16.737888
2139	3616.889799	31.386388	1.297608	3.727779	15.963193
2141	3618.967908	30.940037	1.247365	3.727130	14.038844
2143	3621.052048	30.563703	1.197777	3.726171	15.043022
2145	3623.133057	30.487349	1.346855	3.725639	13.919410
2147	3625.214923	29.931318	1.147274	3.725317	14.659289
2149	3627.296944	29.648463	1.107643	3.723865	13.562868
2151	3629.370843	29.391045	1.069722	3.722455	13.958823
2153	3631.447037	29.258133	1.125816	3.715698	12.165666
2155	3633.520585	28.845045	1.108254	3.705219	11.941886
2159	3636.747264	28.040005	0.816233	6.877777	11.253518
2161	3638.816611	27.767101	0.884802	0.587354	13.092825
2163	3640.882298	27.645801	0.869425	0.573215	12.695900
2165	3642.948290	27.272955	0.852790	0.557276	11.282570
2167	3645.017606	26.574345	0.863970	0.546652	9.791789
2169	3647.109362	25.906570	0.912820	0.555673	12.144793
2171	3649.213616	25.480664	0.901644	0.588164	11.066935
2173	3651.310329	25.624849	0.520478	0.604312	9.348087
2175	3653.385756	25.625534	0.590703	0.596483	10.709954
2177	3655.446168	25.585656	0.685199	0.576125	9.231736
2179	3657.508889	25.227831	0.711617	0.555748	9.821997
2181	3659.577810	24.616923	0.730012	0.547165	8.642309
2183	3661.661077	24.052382	0.741175	0.550185	10.928972
2185	3663.753504	23.636747	0.738687	0.562961	9.273299
2187	3665.844732	23.401051	0.665454	0.577472	11.325014
2189	3667.938031	23.477325	0.395827	0.584462	8.386461
2191	3670.026893	23.181628	0.328349	0.580773	7.765757
2193	3672.110878	22.935294	0.301061	0.575556	8.485855
