crossing time (s)	slope (V/s)	crossing number
281474976710655.000000	-32.045372	3632	0.000000
281474976710655.000000	-33.140408	3633	0.000000
281474976710655.000000	-27.614536	3634	0.000000
281474976710655.000000	-34.936859	3635	0.000000
281474976710655.000000	-29.801926	3636	0.000000
281474976710655.000000	-29.680134	3637	0.000000
281474976710655.000000	-26.050625	3638	0.000000
281474976710655.000000	-29.545046	3639	0.000000
281474976710655.000000	-27.108463	3640	0.000000
281474976710655.000000	-26.662197	3641	0.000000
281474976710655.000000	-24.142803	3642	0.000000
281474976710655.000000	-28.274515	3643	0.000000
281474976710655.000000	-26.171835	3644	0.000000
281474976710655.000000	-27.292181	3645	0.000000
281474976710655.000000	-24.580555	3646	0.000000
281474976710655.000000	-24.893400	3647	0.000000
281474976710655.000000	-24.251251	3648	0.000000
281474976710655.000000	-24.892065	3649	0.000000
281474976710655.000000	-23.016039	3650	0.000000
281474976710655.000000	-22.350922	3651	0.000000
281474976710655.000000	-23.552130	3652	0.000000
281474976710655.000000	-22.481508	3653	0.000000
281474976710655.000000	-23.050032	3654	0.000000
281474976710655.000000	-21.413641	3655	0.000000
281474976710655.000000	-22.186546	3656	0.000000
281474976710655.000000	-21.178606	3657	0.000000
281474976710655.000000	-20.943600	3658	0.000000
281474976710655.000000	-21.817665	3659	0.000000
281474976710655.000000	-19.909296	3660	0.000000
281474976710655.000000	-19.806665	3661	0.000000
281474976710655.000000	-19.220724	3662	0.000000
281474976710655.000000	-19.783985	3663	0.000000
281474976710655.000000	-17.925306	3664	0.000000
281474976710655.000000	-19.114317	3665	0.000000
281474976710655.000000	-18.548880	3666	0.000000
281474976710655.000000	-19.215076	3667	0.000000
281474976710655.000000	-17.283878	3668	0.000000
281474976710655.000000	-16.952570	3669	0.000000
281474976710655.000000	-17.983845	3670	0.000000
281474976710655.000000	-16.294262	3671	0.000000
281474976710655.000000	-16.819096	3672	0.000000
281474976710655.000000	-15.649240	3673	0.000000
281474976710655.000000	-15.070215	3674	0.000000
281474976710655.000000	-15.392552	3675	0.000000
281474976710655.000000	-15.355225	3676	0.000000
281474976710655.000000	-14.797226	3677	0.000000
281474976710655.000000	-15.165527	3678	0.000000
281474976710655.000000	-14.690712	3679	0.000000
281474976710655.000000	-14.416131	3680	0.000000
281474976710655.000000	-13.687493	3681	0.000000
281474976710655.000000	-13.694593	3682	0.000000
281474976710655.000000	-13.784929	3683	0.000000
281474976710655.000000	-13.086270	3684	0.000000
281474976710655.000000	-13.575837	3685	0.000000
281474976710655.000000	-12.336857	3686	0.000000
281474976710655.000000	-13.173168	3687	0.000000
281474976710655.000000	-12.156436	3688	0.000000
281474976710655.000000	-12.165737	3689	0.000000
281474976710655.000000	-12.007584	3690	0.000000
281474976710655.000000	-11.668233	3691	0.000000
281474976710655.000000	-11.320993	3692	0.000000
281474976710655.000000	-11.359824	3693	0.000000
281474976710655.000000	-11.280159	3694	0.000000
281474976710655.000000	-10.694787	3695	0.000000
281474976710655.000000	-10.439785	3696	0.000000
281474976710655.000000	-10.147090	3697	0.000000
281474976710655.000000	-10.326163	3698	0.000000
281474976710655.000000	-9.838883	3699	0.000000
281474976710655.000000	-9.822778	3700	0.000000
281474976710655.000000	-9.657183	3701	0.000000
281474976710655.000000	-9.581074	3702	0.000000
281474976710655.000000	-9.402710	3703	0.000000
281474976710655.000000	-9.160626	3704	0.000000
281474976710655.000000	-8.882630	3705	0.000000
281474976710655.000000	-8.762060	3706	0.000000
281474976710655.000000	-8.780177	3707	0.000000
281474976710655.000000	-8.297737	3708	0.000000
281474976710655.000000	-8.653644	3709	0.000000
281474976710655.000000	-8.049783	3710	0.000000
281474976710655.000000	-8.240608	3711	0.000000
281474976710655.000000	-7.876957	3712	0.000000
281474976710655.000000	-7.789671	3713	0.000000
281474976710655.000000	-7.593452	3714	0.000000
281474976710655.000000	-7.525552	3715	0.000000
281474976710655.000000	-7.243659	3716	0.000000
281474976710655.000000	-7.136518	3717	0.000000
281474976710655.000000	-7.012506	3718	0.000000
281474976710655.000000	-6.826694	3719	0.000000
281474976710655.000000	-6.878331	3720	0.000000
281474976710655.000000	-6.450723	3721	0.000000
281474976710655.000000	-6.609632	3722	0.000000
281474976710655.000000	-6.282713	3723	0.000000
281474976710655.000000	-6.154565	3724	0.000000
281474976710655.000000	-6.186378	3725	0.000000
281474976710655.000000	-5.975897	3726	0.000000
281474976710655.000000	-5.803596	3727	0.000000
281474976710655.000000	-5.798835	3728	0.000000
281474976710655.000000	-5.544400	3729	0.000000
281474976710655.000000	-5.554394	3730	0.000000
281474976710655.000000	-5.416906	3731	0.000000
281474976710655.000000	-5.266061	3732	0.000000
281474976710655.000000	-5.279126	3733	0.000000
281474976710655.000000	-5.146867	3734	0.000000
281474976710655.000000	-5.074886	3735	0.000000
281474976710655.000000	-4.952444	3736	0.000000
281474976710655.000000	-4.852615	3737	0.000000
281474976710655.000000	-4.744726	3738	0.000000
281474976710655.000000	-4.651449	3739	0.000000
281474976710655.000000	-4.643821	3740	0.000000
281474976710655.000000	-4.412387	3741	0.000000
281474976710655.000000	-4.475450	3742	0.000000
281474976710655.000000	-4.200192	3743	0.000000
281474976710655.000000	-4.271876	3744	0.000000
281474976710655.000000	-3.989999	3745	0.000000
281474976710655.000000	-4.061990	3746	0.000000
281474976710655.000000	-3.838453	3747	0.000000
281474976710655.000000	-3.852397	3748	0.000000
281474976710655.000000	-3.707311	3749	0.000000
281474976710655.000000	-3.684566	3750	0.000000
281474976710655.000000	-3.561156	3751	0.000000
281474976710655.000000	-3.502200	3752	0.000000
281474976710655.000000	-3.448297	3753	0.000000
281474976710655.000000	-3.356625	3754	0.000000
281474976710655.000000	-3.318127	3755	0.000000
281474976710655.000000	-3.242407	3756	0.000000
281474976710655.000000	-3.232563	3757	0.000000
281474976710655.000000	-3.133391	3758	0.000000
281474976710655.000000	-3.074515	3759	0.000000
281474976710655.000000	-2.994448	3760	0.000000
