crossing time (s)	slope (V/s)	crossing number
281474976710655.000000	-25.954731	2342	0.000000
281474976710655.000000	-24.665747	2343	0.000000
281474976710655.000000	-18.209616	2344	0.000000
281474976710655.000000	-16.491774	2345	0.000000
281474976710655.000000	-13.090867	2346	0.000000
281474976710655.000000	-10.598763	2347	0.000000
281474976710655.000000	-8.298539	2348	0.000000
281474976710655.000000	-7.048544	2349	0.000000
281474976710655.000000	-5.191825	2350	0.000000
281474976710655.000000	-4.613562	2351	0.000000
281474976710655.000000	-3.220795	2352	0.000000
281474976710655.000000	-2.932142	2353	0.000000
281474976710655.000000	-1.797732	2354	0.000000
281474976710655.000000	-1.069161	2355	0.000000
