num crossings	time (s)	maj axis (mm)	min axis (mm)	theta (rad )	slope (V/s)
2339	3674.465402	62.908519	8.322813	0.536011	14.838510
2341	3676.544278	59.363563	4.016593	0.529363	51.108366
2343	3678.626343	49.047650	3.632642	0.535918	35.669883
2345	3680.713505	40.097020	3.229944	0.531549	24.594904
2347	3682.800948	32.667905	2.761867	0.521344	16.258374
2349	3684.889147	26.342625	2.295779	0.508476	10.443985
2351	3686.986308	20.915539	1.927478	0.504620	7.138725
2353	3689.116328	16.830333	1.625945	0.543477	4.444791
2355	3692.157731	1.004736	0.757664	2.229337	3.262055
