num crossings	time (s)	maj axis (mm)	min axis (mm)	theta (rad )	slope (V/s)
2211	3692.370777	73.291139	-0.247483	3.725210	80.070289
2213	3694.457130	72.129556	-0.235134	3.735765	80.787524
2215	3696.542577	71.592126	-0.271143	3.742146	79.974558
2217	3698.626361	71.169803	-0.318896	3.744480	76.352724
2219	3700.708347	70.691377	-0.405775	3.743895	73.618130
2221	3702.789087	70.144734	-0.448572	3.739539	72.499295
2223	3704.871069	69.395832	-0.462784	3.738682	70.118861
2225	3706.950945	68.790972	-0.502747	3.737059	74.546401
2227	3709.030122	68.215693	-0.501036	3.735774	72.471903
2229	3711.106524	67.627283	-0.537970	3.735024	66.736204
2231	3713.181723	67.047743	-0.489264	3.736563	69.214673
2233	3715.255430	66.397063	-0.466760	3.742116	69.847012
2235	3717.329990	65.612204	-0.460750	3.748143	64.718036
2237	3719.411845	64.502335	-0.591004	3.745718	63.859402
2239	3721.494018	63.919412	-0.708112	3.728634	66.189976
2241	3723.582964	63.339520	-0.728622	3.721778	65.516471
2243	3725.655993	62.932910	-0.441797	3.733175	60.807228
2245	3727.732104	62.551057	-0.517057	3.748632	63.208552
2247	3729.808018	61.469351	-0.658730	3.751140	57.546235
2249	3731.896910	60.390313	-0.907972	3.737408	57.486912
2251	3733.987313	59.950713	-0.885365	3.724045	55.237456
2253	3736.068072	59.907029	-0.757922	3.725695	54.760345
2255	3738.140046	59.441141	-0.753607	3.734537	54.029068
2257	3740.211925	58.638649	-0.789230	3.742341	53.424699
2259	3742.286431	57.957973	-0.799760	3.742970	53.455225
2261	3744.366063	57.309464	-0.855285	3.741646	50.997898
2263	3746.447199	56.680383	-0.875520	3.738984	49.175835
2265	3748.530051	56.076724	-0.932068	3.737110	49.119469
2267	3750.611305	55.562051	-0.948367	3.735476	47.298718
2269	3752.692527	55.034938	-0.973150	3.734466	47.232714
2271	3754.770973	54.507817	-0.996579	3.732833	48.732503
2273	3756.847894	53.798103	-1.050656	3.730686	42.663038
2275	3758.925228	53.219239	-1.084030	3.728106	45.149163
2277	3761.002753	52.675964	-1.099987	3.724716	42.143509
2279	3763.083629	51.850115	-1.115336	3.723304	40.953838
2281	3765.167794	50.942695	-1.083433	3.725400	42.375034
2283	3767.256858	50.277713	-1.041454	3.732112	39.622644
2285	3769.344441	49.910707	-1.034263	3.742482	38.521132
2287	3771.426476	49.876396	-1.136441	3.746696	39.545967
2289	3773.499480	49.911711	-1.254181	3.737215	36.017759
2291	3775.567026	49.241251	-1.319465	3.721470	37.021154
2293	3777.639672	48.291910	-1.278644	3.711779	38.990983
2295	3779.726088	47.116720	-1.147151	3.717084	34.899126
2297	3781.814924	46.528621	-1.165252	3.730440	35.843699
2299	3783.904056	46.289755	-1.175615	3.739596	35.492112
2301	3785.986379	46.178996	-1.247271	3.740322	31.066579
2303	3788.060695	46.023276	-1.300626	3.734567	32.568933
2305	3790.132318	45.595275	-1.313945	3.727698	32.923594
2307	3792.203823	45.024743	-1.304396	3.723240	29.745610
2309	3794.278794	44.231606	-1.330551	3.721886	30.942569
2311	3796.355937	43.738388	-1.304997	3.723354	28.908899
2313	3798.434967	43.286473	-1.305450	3.725888	29.224232
2315	3800.515041	42.826172	-1.307247	3.728075	30.488379
2317	3802.598261	42.269319	-1.426711	3.727791	28.123441
2319	3804.685436	41.615216	-1.408839	3.726959	28.277877
2321	3806.770325	41.400325	-1.438520	3.719500	28.331577
2323	3808.862292	40.603391	-1.408993	3.710809	26.393572
2325	3810.943289	40.347464	-1.408221	3.705924	27.603103
2327	3813.016400	40.149507	-1.349593	3.710426	25.475198
2329	3815.087807	39.815302	-1.360807	3.717627	24.296527
2331	3817.155964	39.306643	-1.345334	3.727252	23.999645
2333	3819.226926	38.731949	-1.324491	3.735044	24.045115
2335	3821.310324	38.038667	-1.390079	3.735233	23.146254
2337	3823.400504	37.323616	-1.485135	3.724789	22.942623
2339	3825.492878	36.826409	-1.488379	3.710551	21.285706
2341	3827.579376	36.614081	-1.486193	3.706146	22.307871
2343	3829.657468	36.191605	-1.451489	3.708793	19.984898
2345	3831.734057	36.058803	-1.451212	3.711219	21.712147
2347	3833.810420	35.609232	-1.446026	3.711901	19.098884
2349	3835.891513	35.150481	-1.458560	3.712373	21.394267
2351	3837.967278	34.671795	-1.460148	3.712622	20.334258
2353	3840.049852	34.174618	-1.462956	3.714123	19.530072
2355	3842.133704	33.838510	-1.433740	3.718245	19.455962
2357	3844.215233	33.452495	-1.399738	3.722552	18.595301
2359	3846.298677	33.149839	-1.428215	3.724539	16.936018
2361	3848.371220	32.992688	-1.476041	3.725022	17.567979
2363	3850.441536	32.824432	-1.525675	3.717114	16.958719
2365	3852.507340	32.833633	-1.406780	3.709181	14.948321
2367	3854.575409	32.122734	-1.405739	3.696873	15.238411
2369	3856.655041	31.298190	-1.558217	3.693398	16.049955
2371	3858.739949	30.653355	-1.472464	3.695792	14.083949
2373	3860.833855	30.255686	-1.444745	3.703095	16.015892
2375	3862.923539	29.920175	-1.434034	3.712048	15.019330
2377	3865.008109	29.713279	-1.427699	3.716361	14.150341
2379	3867.093726	29.504627	-1.440330	3.718699	15.473131
2381	3869.173417	29.218712	-1.446628	3.717502	13.021593
2383	3871.249833	28.978040	-1.471186	3.715451	14.296772
2385	3873.322705	28.740447	-1.457842	3.709658	11.811353
2387	3875.397176	28.401821	-1.470210	3.709795	12.533275
2389	3877.468478	28.002404	-1.471677	3.709060	14.008728
2391	3879.546394	27.664442	-1.435489	3.704567	11.133339
2393	3881.625573	27.284630	-1.447629	3.706611	12.671125
2395	3883.708542	26.860513	-1.456140	3.703622	11.936410
2397	3885.793568	26.505831	-1.456250	3.702164	10.857333
2399	3887.878589	26.189566	-1.443259	3.694525	10.160194
2401	3889.964265	25.841429	-1.456337	3.691465	11.831963
2403	3892.047922	25.568395	-1.446808	3.687112	10.131946
2405	3894.128091	25.388655	-1.441496	3.685529	10.864420
2407	3896.203927	25.206478	-1.416540	3.685848	9.864513
2409	3898.280148	24.964069	-1.422649	3.687922	10.828161
2411	3900.345720	24.762027	-1.382603	3.690335	9.672265
2413	3902.411028	24.431604	-1.352530	3.698428	7.848705
2415	3904.480359	24.140630	-1.330939	3.706265	17.194220
2417	3906.549083	23.766510	-1.218217	3.717754	8.763187
2419	3908.630278	23.438185	-1.129855	3.719442	6.933328
2421	3910.713329	23.083338	-1.116865	3.715713	9.791270
2423	3912.810016	22.573767	-1.401224	3.699581	7.727250
2425	3914.905471	22.175749	-1.429679	3.685529	8.867513
2427	3916.995076	22.085631	-1.374709	3.678702	7.668408
2429	3919.083994	21.835634	-1.375758	3.676883	8.502098
