crossing time (s)	slope (V/s)	crossing number
281474976710655.000000	133.455963	3185	0.000000
281474976710655.000000	100.572983	3186	0.000000
281474976710655.000000	198.491562	3187	0.000000
281474976710655.000000	88.361153	3188	0.000000
281474976710655.000000	161.595642	3189	0.000000
281474976710655.000000	79.139999	3190	0.000000
281474976710655.000000	62.525955	3191	0.000000
281474976710655.000000	64.288399	3192	0.000000
281474976710655.000000	60.504879	3193	0.000000
281474976710655.000000	46.598488	3194	0.000000
281474976710655.000000	41.001125	3195	0.000000
