crossing time (s)	slope (V/s)	crossing number
281474976710655.000000	-25.937092	2362	0.000000
281474976710655.000000	-21.012247	2363	0.000000
281474976710655.000000	-16.994848	2364	0.000000
281474976710655.000000	-13.738579	2365	0.000000
281474976710655.000000	-11.272637	2366	0.000000
281474976710655.000000	-8.431937	2367	0.000000
281474976710655.000000	-6.902592	2368	0.000000
281474976710655.000000	-5.338360	2369	0.000000
281474976710655.000000	-4.924179	2370	0.000000
281474976710655.000000	-3.266284	2371	0.000000
281474976710655.000000	-2.744774	2372	0.000000
281474976710655.000000	-1.749762	2373	0.000000
281474976710655.000000	-0.915025	2374	0.000000
