crossing time (s)	slope (V/s)	crossing number
281474976710655.000000	-55.173065	459	0.000000
281474976710655.000000	-44.982185	460	0.000000
281474976710655.000000	-38.250916	461	0.000000
281474976710655.000000	-54.947536	462	0.000000
281474976710655.000000	-45.440952	463	0.000000
281474976710655.000000	-43.763596	464	0.000000
281474976710655.000000	-34.000008	465	0.000000
281474976710655.000000	-50.953098	466	0.000000
281474976710655.000000	-65.933044	467	0.000000
281474976710655.000000	-53.610909	468	0.000000
281474976710655.000000	-52.212593	469	0.000000
281474976710655.000000	-38.665588	470	0.000000
281474976710655.000000	-53.402660	471	0.000000
281474976710655.000000	-66.964714	472	0.000000
281474976710655.000000	-55.641380	473	0.000000
281474976710655.000000	-47.326614	474	0.000000
281474976710655.000000	-39.697952	475	0.000000
281474976710655.000000	-41.794067	476	0.000000
281474976710655.000000	-50.981186	477	0.000000
281474976710655.000000	-36.466961	478	0.000000
281474976710655.000000	-51.071087	479	0.000000
281474976710655.000000	-49.173050	480	0.000000
281474976710655.000000	-54.512241	481	0.000000
281474976710655.000000	-54.068329	482	0.000000
281474976710655.000000	-34.793949	483	0.000000
281474976710655.000000	-41.629765	484	0.000000
281474976710655.000000	-47.584007	485	0.000000
281474976710655.000000	-35.546627	486	0.000000
281474976710655.000000	-42.044430	487	0.000000
281474976710655.000000	-37.071548	488	0.000000
281474976710655.000000	-44.224056	489	0.000000
281474976710655.000000	-50.027550	490	0.000000
281474976710655.000000	-35.767719	491	0.000000
281474976710655.000000	-41.089325	492	0.000000
281474976710655.000000	-32.709801	493	0.000000
281474976710655.000000	-34.983418	494	0.000000
281474976710655.000000	-41.607727	495	0.000000
281474976710655.000000	-35.908363	496	0.000000
281474976710655.000000	-37.973049	497	0.000000
281474976710655.000000	-41.914078	498	0.000000
281474976710655.000000	-32.327621	499	0.000000
281474976710655.000000	-34.035027	500	0.000000
281474976710655.000000	-37.633392	501	0.000000
281474976710655.000000	-37.341099	502	0.000000
281474976710655.000000	-40.490097	503	0.000000
281474976710655.000000	-33.895851	504	0.000000
281474976710655.000000	-35.371658	505	0.000000
281474976710655.000000	-33.527210	506	0.000000
281474976710655.000000	-35.037262	507	0.000000
281474976710655.000000	-41.931320	508	0.000000
281474976710655.000000	-35.711910	509	0.000000
281474976710655.000000	-34.295361	510	0.000000
281474976710655.000000	-32.690483	511	0.000000
281474976710655.000000	-33.689819	512	0.000000
281474976710655.000000	-33.665081	513	0.000000
281474976710655.000000	-32.397884	514	0.000000
281474976710655.000000	-35.626144	515	0.000000
281474976710655.000000	-34.237083	516	0.000000
281474976710655.000000	-30.915091	517	0.000000
281474976710655.000000	-32.731750	518	0.000000
281474976710655.000000	-31.641254	519	0.000000
281474976710655.000000	-32.112064	520	0.000000
281474976710655.000000	-33.038906	521	0.000000
281474976710655.000000	-30.698734	522	0.000000
281474976710655.000000	-28.690680	523	0.000000
281474976710655.000000	-27.952055	524	0.000000
281474976710655.000000	-32.439026	525	0.000000
281474976710655.000000	-27.398796	526	0.000000
281474976710655.000000	-27.534935	527	0.000000
281474976710655.000000	-30.348000	528	0.000000
281474976710655.000000	-29.174026	529	0.000000
281474976710655.000000	-29.571720	530	0.000000
281474976710655.000000	-26.511177	531	0.000000
281474976710655.000000	-25.842690	532	0.000000
281474976710655.000000	-29.214985	533	0.000000
281474976710655.000000	-28.159985	534	0.000000
281474976710655.000000	-26.180069	535	0.000000
281474976710655.000000	-26.113300	536	0.000000
281474976710655.000000	-25.835295	537	0.000000
281474976710655.000000	-25.822569	538	0.000000
281474976710655.000000	-23.841732	539	0.000000
281474976710655.000000	-26.099085	540	0.000000
281474976710655.000000	-25.701626	541	0.000000
281474976710655.000000	-22.456329	542	0.000000
281474976710655.000000	-23.896704	543	0.000000
281474976710655.000000	-25.612764	544	0.000000
281474976710655.000000	-26.303391	545	0.000000
281474976710655.000000	-23.227978	546	0.000000
281474976710655.000000	-24.313511	547	0.000000
281474976710655.000000	-21.389034	548	0.000000
281474976710655.000000	-21.882608	549	0.000000
281474976710655.000000	-22.191191	550	0.000000
281474976710655.000000	-22.069309	551	0.000000
281474976710655.000000	-19.678766	552	0.000000
281474976710655.000000	-20.920401	553	0.000000
281474976710655.000000	-22.022198	554	0.000000
281474976710655.000000	-19.792629	555	0.000000
281474976710655.000000	-19.861977	556	0.000000
281474976710655.000000	-22.857365	557	0.000000
281474976710655.000000	-21.685196	558	0.000000
281474976710655.000000	-22.382915	559	0.000000
281474976710655.000000	-18.906948	560	0.000000
281474976710655.000000	-19.458006	561	0.000000
281474976710655.000000	-21.062418	562	0.000000
281474976710655.000000	-20.022543	563	0.000000
281474976710655.000000	-17.511135	564	0.000000
281474976710655.000000	-19.137438	565	0.000000
281474976710655.000000	-19.314205	566	0.000000
281474976710655.000000	-17.622070	567	0.000000
281474976710655.000000	-17.410868	568	0.000000
281474976710655.000000	-17.704029	569	0.000000
281474976710655.000000	-17.662466	570	0.000000
281474976710655.000000	-18.629101	571	0.000000
281474976710655.000000	-16.650654	572	0.000000
281474976710655.000000	-16.854761	573	0.000000
281474976710655.000000	-16.676834	574	0.000000
281474976710655.000000	-16.808138	575	0.000000
281474976710655.000000	-17.304905	576	0.000000
281474976710655.000000	-16.945238	577	0.000000
281474976710655.000000	-15.185736	578	0.000000
281474976710655.000000	-16.180710	579	0.000000
281474976710655.000000	-16.919510	580	0.000000
281474976710655.000000	-15.769752	581	0.000000
281474976710655.000000	-14.158157	582	0.000000
281474976710655.000000	-15.236357	583	0.000000
281474976710655.000000	-15.560324	584	0.000000
281474976710655.000000	-14.239432	585	0.000000
281474976710655.000000	-14.037578	586	0.000000
281474976710655.000000	-15.000808	587	0.000000
281474976710655.000000	-15.004401	588	0.000000
281474976710655.000000	-13.579823	589	0.000000
281474976710655.000000	-13.191871	590	0.000000
281474976710655.000000	-14.394492	591	0.000000
281474976710655.000000	-13.871521	592	0.000000
281474976710655.000000	-12.099360	593	0.000000
281474976710655.000000	-13.346547	594	0.000000
281474976710655.000000	-14.950243	595	0.000000
281474976710655.000000	-13.884310	596	0.000000
281474976710655.000000	-12.388728	597	0.000000
281474976710655.000000	-12.462473	598	0.000000
281474976710655.000000	-12.985121	599	0.000000
281474976710655.000000	-13.329160	600	0.000000
281474976710655.000000	-11.615447	601	0.000000
281474976710655.000000	-11.607409	602	0.000000
281474976710655.000000	-12.800509	603	0.000000
281474976710655.000000	-12.918937	604	0.000000
281474976710655.000000	-12.141523	605	0.000000
281474976710655.000000	-11.100767	606	0.000000
281474976710655.000000	-10.800342	607	0.000000
281474976710655.000000	-12.314580	608	0.000000
281474976710655.000000	-11.908071	609	0.000000
281474976710655.000000	-10.596133	610	0.000000
281474976710655.000000	-10.202948	611	0.000000
281474976710655.000000	-11.726455	612	0.000000
281474976710655.000000	-10.936183	613	0.000000
281474976710655.000000	-10.089425	614	0.000000
281474976710655.000000	-11.253841	615	0.000000
281474976710655.000000	-10.028440	616	0.000000
281474976710655.000000	-10.154999	617	0.000000
281474976710655.000000	-10.317323	618	0.000000
281474976710655.000000	-10.396993	619	0.000000
281474976710655.000000	-9.499985	620	0.000000
281474976710655.000000	-10.149424	621	0.000000
281474976710655.000000	-9.929086	622	0.000000
281474976710655.000000	-9.440347	623	0.000000
281474976710655.000000	-9.308364	624	0.000000
281474976710655.000000	-9.645470	625	0.000000
281474976710655.000000	-9.040634	626	0.000000
281474976710655.000000	-8.539100	627	0.000000
281474976710655.000000	-8.910164	628	0.000000
281474976710655.000000	-9.387478	629	0.000000
281474976710655.000000	-8.837818	630	0.000000
281474976710655.000000	-8.427989	631	0.000000
281474976710655.000000	-8.190449	632	0.000000
281474976710655.000000	-9.197326	633	0.000000
281474976710655.000000	-8.146122	634	0.000000
281474976710655.000000	-7.807351	635	0.000000
281474976710655.000000	-8.075001	636	0.000000
281474976710655.000000	-7.944351	637	0.000000
281474976710655.000000	-8.046607	638	0.000000
281474976710655.000000	-8.068657	639	0.000000
281474976710655.000000	-8.059023	640	0.000000
281474976710655.000000	-7.776322	641	0.000000
281474976710655.000000	-7.625931	642	0.000000
281474976710655.000000	-7.323626	643	0.000000
281474976710655.000000	-7.450331	644	0.000000
281474976710655.000000	-7.392739	645	0.000000
281474976710655.000000	-7.198777	646	0.000000
281474976710655.000000	-7.047789	647	0.000000
281474976710655.000000	-7.057279	648	0.000000
281474976710655.000000	-7.098167	649	0.000000
281474976710655.000000	-6.932396	650	0.000000
281474976710655.000000	-6.847899	651	0.000000
281474976710655.000000	-6.911730	652	0.000000
281474976710655.000000	-6.702536	653	0.000000
281474976710655.000000	-6.560318	654	0.000000
281474976710655.000000	-6.514446	655	0.000000
281474976710655.000000	-6.580508	656	0.000000
281474976710655.000000	-6.349440	657	0.000000
281474976710655.000000	-6.380977	658	0.000000
281474976710655.000000	-6.195514	659	0.000000
281474976710655.000000	-6.319412	660	0.000000
281474976710655.000000	-6.013672	661	0.000000
281474976710655.000000	-6.187418	662	0.000000
281474976710655.000000	-5.894019	663	0.000000
281474976710655.000000	-5.915897	664	0.000000
281474976710655.000000	-10.091387	665	0.000000
281474976710655.000000	-5.643185	666	0.000000
281474976710655.000000	-5.558259	667	0.000000
281474976710655.000000	-5.385408	668	0.000000
281474976710655.000000	-5.397670	669	0.000000
281474976710655.000000	-5.348397	670	0.000000
281474976710655.000000	-5.810823	671	0.000000
281474976710655.000000	-5.732058	672	0.000000
281474976710655.000000	-5.061594	673	0.000000
281474976710655.000000	-5.257192	674	0.000000
281474976710655.000000	-5.343592	675	0.000000
281474976710655.000000	-5.014698	676	0.000000
281474976710655.000000	-5.011173	677	0.000000
281474976710655.000000	-4.672628	678	0.000000
281474976710655.000000	-4.549119	679	0.000000
