crossing time (s)	slope (V/s)	crossing number
281474976710655.000000	-178.499695	1203	0.000000
281474976710655.000000	-78.471313	1204	0.000000
281474976710655.000000	-164.800430	1205	0.000000
281474976710655.000000	-75.422119	1206	0.000000
281474976710655.000000	-73.319054	1207	0.000000
281474976710655.000000	-118.917686	1208	0.000000
281474976710655.000000	Inf	1209	0.000000
281474976710655.000000	-77.868622	1210	0.000000
281474976710655.000000	-38.289700	1211	0.000000
281474976710655.000000	-34.179382	1212	0.000000
281474976710655.000000	-79.855789	1213	0.000000
281474976710655.000000	-77.919373	1214	0.000000
281474976710655.000000	-70.405731	1215	0.000000
281474976710655.000000	-146.865204	1216	0.000000
281474976710655.000000	-35.642540	1217	0.000000
281474976710655.000000	-77.291969	1218	0.000000
281474976710655.000000	-36.910881	1219	0.000000
281474976710655.000000	-44.372501	1220	0.000000
281474976710655.000000	-67.809128	1221	0.000000
281474976710655.000000	-110.425041	1222	0.000000
281474976710655.000000	-104.775848	1223	0.000000
281474976710655.000000	-54.435474	1224	0.000000
281474976710655.000000	-45.530407	1225	0.000000
281474976710655.000000	-51.312969	1226	0.000000
281474976710655.000000	-66.060989	1227	0.000000
281474976710655.000000	-71.662735	1228	0.000000
281474976710655.000000	-61.147263	1229	0.000000
281474976710655.000000	-94.907532	1230	0.000000
281474976710655.000000	-134.931046	1231	0.000000
281474976710655.000000	-59.063114	1232	0.000000
281474976710655.000000	-42.458019	1233	0.000000
281474976710655.000000	-43.391888	1234	0.000000
281474976710655.000000	-43.742023	1235	0.000000
281474976710655.000000	-58.182869	1236	0.000000
281474976710655.000000	-38.624828	1237	0.000000
281474976710655.000000	-93.512901	1238	0.000000
281474976710655.000000	-37.708622	1239	0.000000
281474976710655.000000	-54.670864	1240	0.000000
281474976710655.000000	-55.921173	1241	0.000000
281474976710655.000000	-57.184765	1242	0.000000
281474976710655.000000	-45.047638	1243	0.000000
281474976710655.000000	-50.769386	1244	0.000000
281474976710655.000000	-56.355240	1245	0.000000
281474976710655.000000	-41.256191	1246	0.000000
281474976710655.000000	-51.882774	1247	0.000000
281474976710655.000000	-70.822182	1248	0.000000
281474976710655.000000	-56.622303	1249	0.000000
281474976710655.000000	-55.658657	1250	0.000000
281474976710655.000000	-48.231571	1251	0.000000
281474976710655.000000	-39.500351	1252	0.000000
281474976710655.000000	-48.102829	1253	0.000000
281474976710655.000000	-51.556023	1254	0.000000
281474976710655.000000	-36.010479	1255	0.000000
281474976710655.000000	-51.095055	1256	0.000000
281474976710655.000000	-46.981533	1257	0.000000
281474976710655.000000	-44.292633	1258	0.000000
281474976710655.000000	-44.825470	1259	0.000000
281474976710655.000000	-36.200153	1260	0.000000
281474976710655.000000	-35.955624	1261	0.000000
281474976710655.000000	-37.933266	1262	0.000000
281474976710655.000000	-40.165131	1263	0.000000
281474976710655.000000	-37.329590	1264	0.000000
281474976710655.000000	-44.200542	1265	0.000000
281474976710655.000000	-36.892040	1266	0.000000
281474976710655.000000	-48.689953	1267	0.000000
281474976710655.000000	-41.890388	1268	0.000000
281474976710655.000000	-37.966255	1269	0.000000
281474976710655.000000	-41.208347	1270	0.000000
281474976710655.000000	-32.081379	1271	0.000000
281474976710655.000000	-39.331974	1272	0.000000
281474976710655.000000	-41.513172	1273	0.000000
281474976710655.000000	-48.392712	1274	0.000000
281474976710655.000000	-34.948761	1275	0.000000
281474976710655.000000	-38.311134	1276	0.000000
281474976710655.000000	-40.895298	1277	0.000000
281474976710655.000000	-39.928272	1278	0.000000
281474976710655.000000	-42.958740	1279	0.000000
281474976710655.000000	-38.917946	1280	0.000000
281474976710655.000000	-41.256420	1281	0.000000
281474976710655.000000	-43.465664	1282	0.000000
281474976710655.000000	-37.115002	1283	0.000000
281474976710655.000000	-34.757969	1284	0.000000
281474976710655.000000	-30.505165	1285	0.000000
281474976710655.000000	-37.141586	1286	0.000000
281474976710655.000000	-33.262451	1287	0.000000
281474976710655.000000	-34.925838	1288	0.000000
281474976710655.000000	-29.364899	1289	0.000000
281474976710655.000000	-32.660561	1290	0.000000
281474976710655.000000	-37.997166	1291	0.000000
281474976710655.000000	-34.284866	1292	0.000000
281474976710655.000000	-33.407700	1293	0.000000
281474976710655.000000	-31.585817	1294	0.000000
281474976710655.000000	-35.542633	1295	0.000000
281474976710655.000000	-26.665024	1296	0.000000
281474976710655.000000	-33.847301	1297	0.000000
281474976710655.000000	-34.181934	1298	0.000000
281474976710655.000000	-36.896374	1299	0.000000
281474976710655.000000	-31.342424	1300	0.000000
281474976710655.000000	-33.414509	1301	0.000000
281474976710655.000000	-31.947741	1302	0.000000
281474976710655.000000	-26.747103	1303	0.000000
281474976710655.000000	-30.097528	1304	0.000000
281474976710655.000000	-27.900959	1305	0.000000
281474976710655.000000	-25.150066	1306	0.000000
281474976710655.000000	-28.192190	1307	0.000000
281474976710655.000000	-27.142721	1308	0.000000
281474976710655.000000	-27.845949	1309	0.000000
281474976710655.000000	-26.520224	1310	0.000000
281474976710655.000000	-26.845497	1311	0.000000
281474976710655.000000	-26.951344	1312	0.000000
281474976710655.000000	-29.094442	1313	0.000000
281474976710655.000000	-25.953545	1314	0.000000
281474976710655.000000	-24.038511	1315	0.000000
281474976710655.000000	-23.578669	1316	0.000000
281474976710655.000000	-24.964401	1317	0.000000
281474976710655.000000	-23.406981	1318	0.000000
281474976710655.000000	-24.583540	1319	0.000000
281474976710655.000000	-25.322285	1320	0.000000
281474976710655.000000	-26.653418	1321	0.000000
281474976710655.000000	-22.294754	1322	0.000000
281474976710655.000000	-21.895243	1323	0.000000
281474976710655.000000	-25.140942	1324	0.000000
281474976710655.000000	-24.102983	1325	0.000000
281474976710655.000000	-23.370262	1326	0.000000
281474976710655.000000	-19.992369	1327	0.000000
281474976710655.000000	-20.076136	1328	0.000000
281474976710655.000000	-17.120329	1329	0.000000
281474976710655.000000	-24.112957	1330	0.000000
281474976710655.000000	-21.275923	1331	0.000000
281474976710655.000000	-19.856592	1332	0.000000
281474976710655.000000	-19.848059	1333	0.000000
281474976710655.000000	-19.589832	1334	0.000000
281474976710655.000000	-21.318682	1335	0.000000
281474976710655.000000	-18.889128	1336	0.000000
281474976710655.000000	-20.345261	1337	0.000000
281474976710655.000000	-20.653238	1338	0.000000
281474976710655.000000	-18.092003	1339	0.000000
281474976710655.000000	-19.283909	1340	0.000000
281474976710655.000000	-20.357843	1341	0.000000
281474976710655.000000	-21.090485	1342	0.000000
281474976710655.000000	-17.468401	1343	0.000000
281474976710655.000000	-17.073912	1344	0.000000
281474976710655.000000	-18.094772	1345	0.000000
281474976710655.000000	-17.557364	1346	0.000000
281474976710655.000000	-17.586845	1347	0.000000
281474976710655.000000	-18.333641	1348	0.000000
281474976710655.000000	-16.411245	1349	0.000000
281474976710655.000000	-18.005243	1350	0.000000
281474976710655.000000	-17.378021	1351	0.000000
281474976710655.000000	-16.152704	1352	0.000000
281474976710655.000000	-16.312918	1353	0.000000
281474976710655.000000	-16.342556	1354	0.000000
281474976710655.000000	-16.134653	1355	0.000000
281474976710655.000000	-18.118896	1356	0.000000
281474976710655.000000	-16.411507	1357	0.000000
281474976710655.000000	-14.434947	1358	0.000000
281474976710655.000000	-16.224873	1359	0.000000
281474976710655.000000	-16.485592	1360	0.000000
281474976710655.000000	-14.201684	1361	0.000000
281474976710655.000000	-13.699473	1362	0.000000
281474976710655.000000	-15.574874	1363	0.000000
281474976710655.000000	-15.002552	1364	0.000000
281474976710655.000000	-13.450221	1365	0.000000
281474976710655.000000	-14.436054	1366	0.000000
281474976710655.000000	-14.571703	1367	0.000000
281474976710655.000000	-15.162646	1368	0.000000
281474976710655.000000	-12.822743	1369	0.000000
281474976710655.000000	-13.983910	1370	0.000000
281474976710655.000000	-13.702846	1371	0.000000
281474976710655.000000	-14.159198	1372	0.000000
281474976710655.000000	-14.324069	1373	0.000000
281474976710655.000000	-13.658068	1374	0.000000
281474976710655.000000	-13.761198	1375	0.000000
281474976710655.000000	-13.942663	1376	0.000000
281474976710655.000000	-11.492581	1377	0.000000
281474976710655.000000	-10.651176	1378	0.000000
281474976710655.000000	-12.724768	1379	0.000000
281474976710655.000000	-12.474629	1380	0.000000
281474976710655.000000	-11.291856	1381	0.000000
281474976710655.000000	-12.332429	1382	0.000000
281474976710655.000000	-12.193508	1383	0.000000
281474976710655.000000	-11.169170	1384	0.000000
281474976710655.000000	-11.668028	1385	0.000000
281474976710655.000000	-11.013832	1386	0.000000
281474976710655.000000	-10.595393	1387	0.000000
281474976710655.000000	-11.499612	1388	0.000000
281474976710655.000000	-11.539448	1389	0.000000
281474976710655.000000	-10.581521	1390	0.000000
281474976710655.000000	-10.330275	1391	0.000000
281474976710655.000000	-11.396539	1392	0.000000
281474976710655.000000	-11.651082	1393	0.000000
281474976710655.000000	-10.002807	1394	0.000000
281474976710655.000000	-10.268151	1395	0.000000
281474976710655.000000	-9.837007	1396	0.000000
281474976710655.000000	-9.658524	1397	0.000000
281474976710655.000000	-9.553605	1398	0.000000
281474976710655.000000	-10.094712	1399	0.000000
281474976710655.000000	-9.076189	1400	0.000000
281474976710655.000000	-9.083738	1401	0.000000
281474976710655.000000	-9.670508	1402	0.000000
281474976710655.000000	-9.024137	1403	0.000000
281474976710655.000000	-9.596638	1404	0.000000
281474976710655.000000	-9.449594	1405	0.000000
281474976710655.000000	-8.663771	1406	0.000000
281474976710655.000000	-8.288240	1407	0.000000
281474976710655.000000	-8.482580	1408	0.000000
281474976710655.000000	-8.667811	1409	0.000000
281474976710655.000000	-8.295557	1410	0.000000
281474976710655.000000	-8.006741	1411	0.000000
281474976710655.000000	-8.392146	1412	0.000000
281474976710655.000000	-8.430008	1413	0.000000
281474976710655.000000	-7.798909	1414	0.000000
281474976710655.000000	-7.900068	1415	0.000000
281474976710655.000000	-7.597300	1416	0.000000
281474976710655.000000	-7.729148	1417	0.000000
281474976710655.000000	-7.225434	1418	0.000000
281474976710655.000000	-7.403217	1419	0.000000
281474976710655.000000	-7.547379	1420	0.000000
281474976710655.000000	-7.596968	1421	0.000000
281474976710655.000000	-7.218733	1422	0.000000
281474976710655.000000	-7.221846	1423	0.000000
281474976710655.000000	-7.276413	1424	0.000000
281474976710655.000000	-6.696075	1425	0.000000
281474976710655.000000	-7.433441	1426	0.000000
281474976710655.000000	-6.713054	1427	0.000000
281474976710655.000000	-6.732022	1428	0.000000
281474976710655.000000	-6.469189	1429	0.000000
281474976710655.000000	-6.540727	1430	0.000000
281474976710655.000000	-6.255454	1431	0.000000
281474976710655.000000	-6.726913	1432	0.000000
