crossing time (s)	slope (V/s)	crossing number
281474976710655.000000	45.300236	3481	0.000000
281474976710655.000000	31.783058	3482	0.000000
281474976710655.000000	21.993652	3483	0.000000
281474976710655.000000	15.537739	3484	0.000000
281474976710655.000000	11.470591	3485	0.000000
281474976710655.000000	11.081179	3486	0.000000
281474976710655.000000	8.015945	3487	0.000000
281474976710655.000000	6.061929	3488	0.000000
281474976710655.000000	4.336514	3489	0.000000
281474976710655.000000	3.470921	3490	0.000000
281474976710655.000000	2.480290	3491	0.000000
281474976710655.000000	1.918492	3492	0.000000
281474976710655.000000	1.236642	3493	0.000000
