num crossings	time (s)	maj axis (mm)	min axis (mm)	theta (rad )	slope (V/s)
2379	3752.644418	63.201748	-0.891096	3.671400	52.270588
2381	3754.737650	52.604732	-0.850624	3.666613	38.554822
2383	3756.831821	43.310460	-0.698647	3.659814	29.125011
2385	3758.925505	35.389568	-0.543743	3.655690	18.893574
2387	3761.016213	28.901050	-0.414934	3.653436	12.723568
2389	3763.106129	23.443171	-0.312566	3.651260	8.513473
2391	3765.186244	19.042501	-0.248950	3.645574	5.430091
2393	3767.257924	15.411160	-0.184340	3.637552	3.471058
2395	3769.324316	9.168534	-0.405166	3.649307	2.081659
