crossing time (s)	slope (V/s)	crossing number
281474976710655.000000	-142.448303	3300	0.000000
281474976710655.000000	-73.386635	3301	0.000000
281474976710655.000000	-66.069031	3302	0.000000
281474976710655.000000	-50.777473	3303	0.000000
281474976710655.000000	-64.756493	3304	0.000000
281474976710655.000000	-70.217926	3305	0.000000
281474976710655.000000	-65.261620	3306	0.000000
281474976710655.000000	-66.603073	3307	0.000000
281474976710655.000000	-51.052361	3308	0.000000
281474976710655.000000	-42.372871	3309	0.000000
281474976710655.000000	-96.730484	3310	0.000000
281474976710655.000000	-63.823357	3311	0.000000
281474976710655.000000	-59.548611	3312	0.000000
281474976710655.000000	-47.079998	3313	0.000000
281474976710655.000000	-39.790855	3314	0.000000
281474976710655.000000	-33.228722	3315	0.000000
281474976710655.000000	-67.423401	3316	0.000000
281474976710655.000000	-59.348904	3317	0.000000
281474976710655.000000	-49.140873	3318	0.000000
281474976710655.000000	-60.445858	3319	0.000000
281474976710655.000000	-54.016468	3320	0.000000
281474976710655.000000	-52.838150	3321	0.000000
281474976710655.000000	-61.389896	3322	0.000000
281474976710655.000000	-56.594131	3323	0.000000
281474976710655.000000	-36.027027	3324	0.000000
281474976710655.000000	-55.680332	3325	0.000000
281474976710655.000000	-53.670601	3326	0.000000
281474976710655.000000	-42.746338	3327	0.000000
281474976710655.000000	-63.294247	3328	0.000000
281474976710655.000000	-55.710022	3329	0.000000
281474976710655.000000	-57.945839	3330	0.000000
281474976710655.000000	-33.698109	3331	0.000000
281474976710655.000000	-65.910721	3332	0.000000
281474976710655.000000	-45.685783	3333	0.000000
281474976710655.000000	-82.863914	3334	0.000000
281474976710655.000000	-57.013660	3335	0.000000
281474976710655.000000	-48.529076	3336	0.000000
281474976710655.000000	-52.189930	3337	0.000000
281474976710655.000000	-51.960629	3338	0.000000
281474976710655.000000	-51.363995	3339	0.000000
281474976710655.000000	-43.957371	3340	0.000000
281474976710655.000000	-48.487598	3341	0.000000
281474976710655.000000	-43.725521	3342	0.000000
281474976710655.000000	-28.706186	3343	0.000000
281474976710655.000000	-42.274040	3344	0.000000
281474976710655.000000	-48.554909	3345	0.000000
281474976710655.000000	-52.078072	3346	0.000000
281474976710655.000000	-44.360809	3347	0.000000
281474976710655.000000	-50.189659	3348	0.000000
281474976710655.000000	-41.956093	3349	0.000000
281474976710655.000000	-42.915531	3350	0.000000
281474976710655.000000	-43.761475	3351	0.000000
281474976710655.000000	-42.553833	3352	0.000000
281474976710655.000000	-37.191143	3353	0.000000
281474976710655.000000	-32.981949	3354	0.000000
281474976710655.000000	-38.607704	3355	0.000000
281474976710655.000000	-32.980526	3356	0.000000
281474976710655.000000	-40.660892	3357	0.000000
281474976710655.000000	-40.069805	3358	0.000000
281474976710655.000000	-35.743904	3359	0.000000
281474976710655.000000	-38.942677	3360	0.000000
281474976710655.000000	-40.490620	3361	0.000000
281474976710655.000000	-35.257301	3362	0.000000
281474976710655.000000	-40.452065	3363	0.000000
281474976710655.000000	-33.604530	3364	0.000000
281474976710655.000000	-30.788910	3365	0.000000
281474976710655.000000	-39.135612	3366	0.000000
281474976710655.000000	-34.352093	3367	0.000000
281474976710655.000000	-41.417229	3368	0.000000
281474976710655.000000	-49.337204	3369	0.000000
281474976710655.000000	-33.970459	3370	0.000000
281474976710655.000000	-31.442545	3371	0.000000
281474976710655.000000	-31.271940	3372	0.000000
281474976710655.000000	-30.785286	3373	0.000000
281474976710655.000000	-37.270920	3374	0.000000
281474976710655.000000	-34.597691	3375	0.000000
281474976710655.000000	-30.589951	3376	0.000000
281474976710655.000000	-32.495373	3377	0.000000
281474976710655.000000	-31.635675	3378	0.000000
281474976710655.000000	-28.494400	3379	0.000000
281474976710655.000000	-33.170704	3380	0.000000
281474976710655.000000	-28.985117	3381	0.000000
281474976710655.000000	-28.737007	3382	0.000000
281474976710655.000000	-30.856329	3383	0.000000
281474976710655.000000	-29.161945	3384	0.000000
281474976710655.000000	-27.819016	3385	0.000000
281474976710655.000000	-27.066973	3386	0.000000
281474976710655.000000	-30.113672	3387	0.000000
281474976710655.000000	-26.114491	3388	0.000000
281474976710655.000000	-27.383944	3389	0.000000
281474976710655.000000	-28.945126	3390	0.000000
281474976710655.000000	-23.483458	3391	0.000000
281474976710655.000000	-26.374414	3392	0.000000
281474976710655.000000	-25.504728	3393	0.000000
281474976710655.000000	-26.503937	3394	0.000000
281474976710655.000000	-25.174011	3395	0.000000
281474976710655.000000	-24.525908	3396	0.000000
281474976710655.000000	-24.624245	3397	0.000000
281474976710655.000000	-24.462713	3398	0.000000
281474976710655.000000	-23.781279	3399	0.000000
281474976710655.000000	-25.428997	3400	0.000000
281474976710655.000000	-21.283463	3401	0.000000
281474976710655.000000	-22.688730	3402	0.000000
281474976710655.000000	-24.183371	3403	0.000000
281474976710655.000000	-22.198673	3404	0.000000
281474976710655.000000	-23.767660	3405	0.000000
281474976710655.000000	-23.470156	3406	0.000000
281474976710655.000000	-24.654366	3407	0.000000
281474976710655.000000	-21.582952	3408	0.000000
281474976710655.000000	-20.574039	3409	0.000000
281474976710655.000000	-19.915632	3410	0.000000
281474976710655.000000	-21.815586	3411	0.000000
281474976710655.000000	-20.096052	3412	0.000000
281474976710655.000000	-19.369850	3413	0.000000
281474976710655.000000	-18.779766	3414	0.000000
281474976710655.000000	-20.796461	3415	0.000000
281474976710655.000000	-20.419891	3416	0.000000
281474976710655.000000	-19.627150	3417	0.000000
281474976710655.000000	-19.881075	3418	0.000000
281474976710655.000000	-18.505461	3419	0.000000
281474976710655.000000	-18.268745	3420	0.000000
281474976710655.000000	-18.759293	3421	0.000000
281474976710655.000000	-18.390959	3422	0.000000
281474976710655.000000	-17.044737	3423	0.000000
281474976710655.000000	-17.073381	3424	0.000000
281474976710655.000000	-18.056114	3425	0.000000
281474976710655.000000	-18.292065	3426	0.000000
281474976710655.000000	-17.725122	3427	0.000000
281474976710655.000000	-16.195137	3428	0.000000
281474976710655.000000	-16.814865	3429	0.000000
281474976710655.000000	-15.342057	3430	0.000000
281474976710655.000000	-17.358940	3431	0.000000
281474976710655.000000	-16.602345	3432	0.000000
281474976710655.000000	-14.733571	3433	0.000000
281474976710655.000000	-15.115350	3434	0.000000
281474976710655.000000	-15.396019	3435	0.000000
281474976710655.000000	-15.137558	3436	0.000000
281474976710655.000000	-14.039035	3437	0.000000
281474976710655.000000	-15.253214	3438	0.000000
281474976710655.000000	-14.939763	3439	0.000000
281474976710655.000000	-11.913527	3440	0.000000
281474976710655.000000	-13.533541	3441	0.000000
281474976710655.000000	-15.128394	3442	0.000000
281474976710655.000000	-13.871739	3443	0.000000
281474976710655.000000	-14.233092	3444	0.000000
281474976710655.000000	-13.668068	3445	0.000000
281474976710655.000000	-13.497201	3446	0.000000
281474976710655.000000	-12.429625	3447	0.000000
281474976710655.000000	-14.225304	3448	0.000000
281474976710655.000000	-13.565887	3449	0.000000
281474976710655.000000	-12.258087	3450	0.000000
281474976710655.000000	-11.964921	3451	0.000000
281474976710655.000000	-12.903841	3452	0.000000
281474976710655.000000	-13.208576	3453	0.000000
281474976710655.000000	-11.746732	3454	0.000000
281474976710655.000000	-12.548343	3455	0.000000
281474976710655.000000	-11.527926	3456	0.000000
281474976710655.000000	-11.105934	3457	0.000000
281474976710655.000000	-10.880414	3458	0.000000
281474976710655.000000	-12.484724	3459	0.000000
281474976710655.000000	-10.938158	3460	0.000000
281474976710655.000000	-12.251204	3461	0.000000
281474976710655.000000	-10.498238	3462	0.000000
281474976710655.000000	-10.804343	3463	0.000000
281474976710655.000000	-11.135717	3464	0.000000
281474976710655.000000	-11.311127	3465	0.000000
281474976710655.000000	-10.522694	3466	0.000000
281474976710655.000000	-10.725238	3467	0.000000
281474976710655.000000	-10.985538	3468	0.000000
281474976710655.000000	-10.103044	3469	0.000000
281474976710655.000000	-10.491427	3470	0.000000
281474976710655.000000	-10.248271	3471	0.000000
281474976710655.000000	-9.943542	3472	0.000000
281474976710655.000000	-10.077002	3473	0.000000
281474976710655.000000	-9.797328	3474	0.000000
281474976710655.000000	-9.741561	3475	0.000000
281474976710655.000000	-9.075845	3476	0.000000
281474976710655.000000	-9.464149	3477	0.000000
281474976710655.000000	-9.643025	3478	0.000000
281474976710655.000000	-9.368792	3479	0.000000
281474976710655.000000	-8.679984	3480	0.000000
281474976710655.000000	-8.799486	3481	0.000000
281474976710655.000000	-8.514626	3482	0.000000
281474976710655.000000	-8.825789	3483	0.000000
281474976710655.000000	-8.771681	3484	0.000000
281474976710655.000000	-7.750856	3485	0.000000
281474976710655.000000	-8.470454	3486	0.000000
281474976710655.000000	-8.180450	3487	0.000000
281474976710655.000000	-7.975569	3488	0.000000
281474976710655.000000	-7.399780	3489	0.000000
281474976710655.000000	-7.891653	3490	0.000000
281474976710655.000000	-7.686917	3491	0.000000
281474976710655.000000	-7.605427	3492	0.000000
281474976710655.000000	-7.524961	3493	0.000000
281474976710655.000000	-7.125999	3494	0.000000
281474976710655.000000	-6.875741	3495	0.000000
281474976710655.000000	-7.151276	3496	0.000000
281474976710655.000000	-7.164762	3497	0.000000
281474976710655.000000	-7.000481	3498	0.000000
