crossing time (s)	slope (V/s)	crossing number
281474976710655.000000	-60.439163	162	0.000000
281474976710655.000000	-85.806076	163	0.000000
281474976710655.000000	-173.451843	164	0.000000
281474976710655.000000	-58.325939	165	0.000000
281474976710655.000000	-88.747093	166	0.000000
281474976710655.000000	-42.019447	167	0.000000
281474976710655.000000	-84.903229	168	0.000000
281474976710655.000000	-182.602692	169	0.000000
281474976710655.000000	-86.486809	170	0.000000
281474976710655.000000	-87.116409	171	0.000000
281474976710655.000000	Inf	172	0.000000
281474976710655.000000	-86.484856	173	0.000000
281474976710655.000000	-78.854782	174	0.000000
281474976710655.000000	-80.302132	175	0.000000
281474976710655.000000	-79.288223	176	0.000000
281474976710655.000000	-76.593987	177	0.000000
281474976710655.000000	-60.122829	178	0.000000
281474976710655.000000	-40.829033	179	0.000000
281474976710655.000000	-50.238815	180	0.000000
281474976710655.000000	-72.431198	181	0.000000
281474976710655.000000	-35.629925	182	0.000000
281474976710655.000000	-143.845688	183	0.000000
281474976710655.000000	-38.606441	184	0.000000
281474976710655.000000	-47.258305	185	0.000000
281474976710655.000000	-57.318886	186	0.000000
281474976710655.000000	-48.965923	187	0.000000
281474976710655.000000	-131.848511	188	0.000000
281474976710655.000000	-35.959015	189	0.000000
281474976710655.000000	-79.280609	190	0.000000
281474976710655.000000	-73.186142	191	0.000000
281474976710655.000000	-141.399338	192	0.000000
281474976710655.000000	-72.571815	193	0.000000
281474976710655.000000	-67.002762	194	0.000000
281474976710655.000000	-44.868694	195	0.000000
281474976710655.000000	Inf	196	0.000000
281474976710655.000000	-43.702297	197	0.000000
281474976710655.000000	-67.038643	198	0.000000
281474976710655.000000	-61.099209	199	0.000000
281474976710655.000000	-31.322170	200	0.000000
281474976710655.000000	-63.245556	201	0.000000
281474976710655.000000	-50.526344	202	0.000000
281474976710655.000000	-65.536308	203	0.000000
281474976710655.000000	-62.384525	204	0.000000
281474976710655.000000	-58.535564	205	0.000000
281474976710655.000000	-115.828529	206	0.000000
281474976710655.000000	-66.659195	207	0.000000
281474976710655.000000	-67.090019	208	0.000000
281474976710655.000000	-57.850460	209	0.000000
281474976710655.000000	-53.739483	210	0.000000
281474976710655.000000	-44.555992	211	0.000000
281474976710655.000000	-57.391357	212	0.000000
281474976710655.000000	-44.495193	213	0.000000
281474976710655.000000	-60.010414	214	0.000000
281474976710655.000000	-84.041405	215	0.000000
281474976710655.000000	-45.003090	216	0.000000
281474976710655.000000	-53.398106	217	0.000000
281474976710655.000000	-46.904480	218	0.000000
281474976710655.000000	-56.688484	219	0.000000
281474976710655.000000	-45.133656	220	0.000000
281474976710655.000000	-40.426323	221	0.000000
281474976710655.000000	-56.421310	222	0.000000
281474976710655.000000	-52.897488	223	0.000000
281474976710655.000000	-49.453899	224	0.000000
281474976710655.000000	-58.731388	225	0.000000
281474976710655.000000	-48.339592	226	0.000000
281474976710655.000000	-46.960884	227	0.000000
281474976710655.000000	-49.413349	228	0.000000
281474976710655.000000	-44.976124	229	0.000000
281474976710655.000000	-51.125935	230	0.000000
281474976710655.000000	-48.459515	231	0.000000
281474976710655.000000	-39.057674	232	0.000000
281474976710655.000000	-47.060383	233	0.000000
281474976710655.000000	-39.037323	234	0.000000
281474976710655.000000	-72.613487	235	0.000000
281474976710655.000000	-36.544933	236	0.000000
281474976710655.000000	-49.684006	237	0.000000
281474976710655.000000	-43.738239	238	0.000000
281474976710655.000000	-47.172913	239	0.000000
281474976710655.000000	-43.144390	240	0.000000
281474976710655.000000	-34.753460	241	0.000000
281474976710655.000000	-44.601284	242	0.000000
281474976710655.000000	-36.714203	243	0.000000
281474976710655.000000	-46.135845	244	0.000000
281474976710655.000000	-42.870850	245	0.000000
281474976710655.000000	-35.055107	246	0.000000
281474976710655.000000	-52.578922	247	0.000000
281474976710655.000000	-33.544041	248	0.000000
281474976710655.000000	-37.220268	249	0.000000
281474976710655.000000	-37.305176	250	0.000000
281474976710655.000000	-33.024014	251	0.000000
281474976710655.000000	-31.429937	252	0.000000
281474976710655.000000	-38.530369	253	0.000000
281474976710655.000000	-37.368607	254	0.000000
281474976710655.000000	-37.139381	255	0.000000
281474976710655.000000	-36.302830	256	0.000000
281474976710655.000000	-39.660805	257	0.000000
281474976710655.000000	-37.487282	258	0.000000
281474976710655.000000	-35.909809	259	0.000000
281474976710655.000000	-35.337128	260	0.000000
281474976710655.000000	-36.122692	261	0.000000
281474976710655.000000	-34.752945	262	0.000000
281474976710655.000000	-35.368980	263	0.000000
281474976710655.000000	-35.920921	264	0.000000
281474976710655.000000	-33.864029	265	0.000000
281474976710655.000000	-39.834084	266	0.000000
281474976710655.000000	-34.176361	267	0.000000
281474976710655.000000	-32.083744	268	0.000000
281474976710655.000000	-32.384342	269	0.000000
281474976710655.000000	-30.705406	270	0.000000
281474976710655.000000	-33.466549	271	0.000000
281474976710655.000000	-28.865446	272	0.000000
281474976710655.000000	-29.793100	273	0.000000
281474976710655.000000	-29.404879	274	0.000000
281474976710655.000000	-27.819914	275	0.000000
281474976710655.000000	-30.041950	276	0.000000
281474976710655.000000	-30.404610	277	0.000000
281474976710655.000000	-28.867750	278	0.000000
281474976710655.000000	-28.853144	279	0.000000
281474976710655.000000	-28.109819	280	0.000000
281474976710655.000000	-30.427322	281	0.000000
281474976710655.000000	-25.930994	282	0.000000
281474976710655.000000	-25.637165	283	0.000000
281474976710655.000000	-27.221786	284	0.000000
281474976710655.000000	-25.641237	285	0.000000
281474976710655.000000	-30.226063	286	0.000000
281474976710655.000000	-27.310398	287	0.000000
281474976710655.000000	-24.817722	288	0.000000
281474976710655.000000	-27.388292	289	0.000000
281474976710655.000000	-27.774084	290	0.000000
281474976710655.000000	-22.858154	291	0.000000
281474976710655.000000	-24.711876	292	0.000000
281474976710655.000000	-26.233433	293	0.000000
281474976710655.000000	-22.876524	294	0.000000
281474976710655.000000	-22.804041	295	0.000000
281474976710655.000000	-27.053139	296	0.000000
281474976710655.000000	-23.895931	297	0.000000
281474976710655.000000	-21.374945	298	0.000000
281474976710655.000000	-22.343903	299	0.000000
281474976710655.000000	-25.459232	300	0.000000
281474976710655.000000	-22.820755	301	0.000000
281474976710655.000000	-20.638437	302	0.000000
281474976710655.000000	-21.059374	303	0.000000
281474976710655.000000	-23.229984	304	0.000000
281474976710655.000000	-20.798229	305	0.000000
281474976710655.000000	-18.619392	306	0.000000
281474976710655.000000	-20.573429	307	0.000000
281474976710655.000000	-22.439705	308	0.000000
281474976710655.000000	-20.222095	309	0.000000
281474976710655.000000	-20.846811	310	0.000000
281474976710655.000000	-21.271049	311	0.000000
281474976710655.000000	-19.148346	312	0.000000
281474976710655.000000	-19.958946	313	0.000000
281474976710655.000000	-20.339409	314	0.000000
281474976710655.000000	-19.139585	315	0.000000
281474976710655.000000	-18.928286	316	0.000000
281474976710655.000000	-18.690897	317	0.000000
281474976710655.000000	-19.331987	318	0.000000
281474976710655.000000	-16.965445	319	0.000000
281474976710655.000000	-16.852777	320	0.000000
281474976710655.000000	-17.946602	321	0.000000
281474976710655.000000	-17.053518	322	0.000000
281474976710655.000000	-16.419954	323	0.000000
281474976710655.000000	-18.154417	324	0.000000
281474976710655.000000	-19.383768	325	0.000000
281474976710655.000000	-16.103529	326	0.000000
281474976710655.000000	-15.840714	327	0.000000
281474976710655.000000	-18.064852	328	0.000000
281474976710655.000000	-16.944277	329	0.000000
281474976710655.000000	-16.028311	330	0.000000
281474976710655.000000	-17.425270	331	0.000000
281474976710655.000000	-15.717243	332	0.000000
281474976710655.000000	-14.969638	333	0.000000
281474976710655.000000	-15.315948	334	0.000000
281474976710655.000000	-15.695207	335	0.000000
281474976710655.000000	-14.182154	336	0.000000
281474976710655.000000	-14.864086	337	0.000000
281474976710655.000000	-15.466277	338	0.000000
281474976710655.000000	-14.930900	339	0.000000
281474976710655.000000	-14.121889	340	0.000000
281474976710655.000000	-12.865921	341	0.000000
281474976710655.000000	-15.236520	342	0.000000
281474976710655.000000	-14.540640	343	0.000000
281474976710655.000000	-13.988589	344	0.000000
281474976710655.000000	-12.656805	345	0.000000
281474976710655.000000	-13.773501	346	0.000000
281474976710655.000000	-13.317450	347	0.000000
281474976710655.000000	-13.260309	348	0.000000
281474976710655.000000	-12.827628	349	0.000000
281474976710655.000000	-12.551514	350	0.000000
281474976710655.000000	-13.574426	351	0.000000
281474976710655.000000	-11.928348	352	0.000000
281474976710655.000000	-12.001857	353	0.000000
281474976710655.000000	-13.009157	354	0.000000
281474976710655.000000	-12.073385	355	0.000000
281474976710655.000000	-12.501002	356	0.000000
281474976710655.000000	-12.803611	357	0.000000
281474976710655.000000	-11.033204	358	0.000000
281474976710655.000000	-10.777167	359	0.000000
281474976710655.000000	-12.517373	360	0.000000
281474976710655.000000	-11.661897	361	0.000000
281474976710655.000000	-10.605908	362	0.000000
281474976710655.000000	-10.578965	363	0.000000
281474976710655.000000	-11.330308	364	0.000000
281474976710655.000000	-11.449953	365	0.000000
281474976710655.000000	-10.685182	366	0.000000
281474976710655.000000	-10.177540	367	0.000000
281474976710655.000000	-11.256746	368	0.000000
281474976710655.000000	-10.765036	369	0.000000
281474976710655.000000	-9.914033	370	0.000000
281474976710655.000000	-10.004965	371	0.000000
281474976710655.000000	-10.806581	372	0.000000
281474976710655.000000	-9.723170	373	0.000000
281474976710655.000000	-9.761238	374	0.000000
281474976710655.000000	-11.056649	375	0.000000
281474976710655.000000	-9.575153	376	0.000000
281474976710655.000000	-9.720296	377	0.000000
281474976710655.000000	-9.407474	378	0.000000
281474976710655.000000	-9.269488	379	0.000000
281474976710655.000000	-8.824908	380	0.000000
281474976710655.000000	-8.972023	381	0.000000
281474976710655.000000	-9.071609	382	0.000000
281474976710655.000000	-8.286606	383	0.000000
281474976710655.000000	-8.752470	384	0.000000
281474976710655.000000	-8.747965	385	0.000000
281474976710655.000000	-8.456914	386	0.000000
