crossing time (s)	slope (V/s)	crossing number
281474976710655.000000	50.971233	3543	0.000000
281474976710655.000000	38.373447	3544	0.000000
281474976710655.000000	30.376871	3545	0.000000
281474976710655.000000	17.880497	3546	0.000000
281474976710655.000000	14.428343	3547	0.000000
281474976710655.000000	12.915510	3548	0.000000
281474976710655.000000	8.661405	3549	0.000000
281474976710655.000000	6.828279	3550	0.000000
281474976710655.000000	4.545773	3551	0.000000
281474976710655.000000	3.974905	3552	0.000000
281474976710655.000000	2.556188	3553	0.000000
281474976710655.000000	2.243211	3554	0.000000
281474976710655.000000	1.122753	3555	0.000000
281474976710655.000000	51.184021	3556	0.000000
